0.0346557 5.09353e-06
2.66755
2.28849
2.31942
2.32036
2.26129
1.90223
1.22317
1.1841
1.21504
1.20597
0.866906
0.727842
0.638777
0.549712
0.460647
0.151583
0.092518
0.103453
0.154388
0.135324
0.073741
0.0228058
0.0318705
0.0190647
2.39577e-16
0.0990647
0.0481295
0.0171942
0.116259
0.0853237
0.0343885
0.0934532
0.062518
0.211583
0.220647
0.209712
0.178777
0.197842
0.186906
0.135971
0.105036
0.0841007
0.0931655
0.15223
0.121295
0.12036
0.149424
0.418489
0.367554
0.346619
0.315683
0.354748
0.323813
0.332878
0.341942
0.291007
0.290072
0.259137
0.228201
0.247266
0.236331
0.205396
0.37446
0.403525
0.37259
0.321655
0.270719
0.229784
0.198849
0.227914
0.196978
0.176043
0.235108
0.204173
0.173237
0.142302
0.201367
0.150432
0.139496
0.128561
0.127626
0.0966906
0.0457554
0.00517986
0.0361151
0.0670504
0.0320144
0.00107914
0.0298561
0.0507914
0.0617266
0.0526619
0.103597
0.154532
0.205468
0.166403
0.147338
0.198273
0.139209
0.190144
0.161079
0.212014
0.22295
0.273885
0.17482
0.155755
0.206691
0.217626
0.268561
0.319496
0.370432
0.331367
0.322302
0.323237
0.294173
0.325108
0.376043
0.286978
0.337914
0.388849
0.419784
0.470719
0.441655
0.38259
0.373525
0.42446
0.405396
0.416331
0.317266
0.368201
0.389137
0.440072
0.471007
0.501942
0.422878
0.303813
0.354748
0.315683
0.346619
0.357554
0.338489
0.369424
0.42036
0.411295
0.37223
0.293165
0.254101
0.115036
0.105971
0.0169065
0.00784173
0.018777
0.0497122
0.0506475
0.101583
0.152518
0.183453
0.0843885
0.135324
0.166259
0.107194
0.138129
0.0190647
2.01168e-13
0.119065
0.438129
0.407194
0.416259
0.455324
0.424388
0.393453
0.352518
0.341583
0.310647
0.329712
0.318777
0.267842
0.296906
0.355971
0.525036
0.474101
0.423165
0.50223
0.491295
0.61036
0.859424
0.878489
0.917554
1.29662
1.46568
1.47475
1.57381
1.54288
1.58194
1.79101
2.73007
2.82914
3.0382
5.49727
5.61633
