0.0368672 6.54667e-06
4.97707
4.37253
2.798
2.55347
2.51893
1.5844
1.52987
0.335333
0.1708
0.206267
0.211733
0.2572
0.162667
0.0181333
0.0436
0.0409333
0.0454667
1.08672e-14
0.0454667
0.110933
0.0864
0.0418667
0.0826667
0.0372
0.00173333
0.00373333
0.0492
0.00466667
0.0301333
0.0256
0.0910667
0.0934667
0.418
0.402533
0.337067
0.4416
0.446133
0.550667
0.5052
0.479733
0.414267
0.3788
0.333333
0.347867
0.3924
0.366933
0.411467
0.386
0.430533
0.405067
0.4996
0.474133
0.478667
0.5832
0.617733
0.682267
0.6468
0.601333
0.665867
0.6004
0.554933
0.579467
0.554
0.528533
0.593067
0.6176
0.612133
0.566667
0.5312
0.465733
0.400267
0.3748
0.389333
0.433867
0.3684
0.352933
0.387467
0.322
0.326533
0.281067
0.2556
0.210133
0.194667
0.1292
0.193733
0.168267
0.1528
0.107333
0.101867
0.0564
0.00906667
0.0354667
0.03
0.0354667
0.0909333
0.1364
0.161867
0.157333
0.0928
0.118267
0.123733
0.1892
0.234667
0.230133
0.1256
0.121067
0.166533
0.212
0.187467
0.232933
0.2784
0.323867
0.389333
0.3848
0.330267
0.365733
0.3512
0.396667
0.282133
0.3476
0.393067
0.378533
0.224
0.269467
0.314933
0.2904
0.295867
0.231333
0.2868
0.332267
0.297733
0.3532
0.288667
0.334133
0.2696
0.275067
0.320533
0.336
0.381467
0.406933
0.4724
0.517867
0.583333
0.6088
0.604267
0.499733
0.5452
0.590667
0.626133
0.5416
0.327067
0.352533
0.268
0.243467
0.158933
0.2044
0.0998667
0.115333
0.1608
0.166267
0.181733
0.2072
0.122667
0.0118667
0.0136
0.0190667
0.0845333
4.99087e-14
0.0445333
0.0290667
0.0936
0.0881333
0.0426667
0.0172
0.00173333
0.286267
0.2208
0.275333
0.359867
0.5144
0.778933
1.05347
0.988
1.20253
1.20707
2.1116
2.25613
2.35067
2.3852
2.42973
2.36427
2.3588
2.45333
2.49787
2.5724
2.87693
3.05147
3.436
4.56053
5.55507
